# 3dvolreg matrices (DICOM-to-DICOM, row-by-row):
            1  -3.93726e-11   1.55769e-10   5.66118e-09   3.93726e-11             1   1.85611e-10   5.81589e-09  -1.55769e-10  -1.85611e-10             1  -2.50407e-09
     0.999998     0.0017789  -2.48251e-05     0.0699081    -0.0017789      0.999998   0.000252603    -0.0114223   2.52744e-05  -0.000252559             1    0.00361254
     0.999999    0.00100567  -0.000178907     0.0647175   -0.00100566      0.999999    4.9593e-05   -0.00848061   0.000178956  -4.94131e-05             1    -0.0190061
            1   0.000887499   0.000134928     0.0735756  -0.000887448             1  -0.000374787    -0.0426727  -0.000135261   0.000374667             1    0.00294147
            1   0.000370123   0.000138813     0.0687093  -0.000370087             1  -0.000261847    -0.0488383   -0.00013891   0.000261796             1     0.0123906
            1   2.48509e-05   0.000125236     0.0512048   -2.4782e-05             1  -0.000550286     -0.056069   -0.00012525   0.000550283             1    0.00019299
            1  -0.000318213   1.80005e-05     0.0485518    0.00031823      0.999999   -0.00098037     -0.078715  -1.76885e-05   0.000980376             1     0.0139904
            1  -0.000774616  -1.86784e-05     0.0749798   0.000774597      0.999999  -0.000977056    -0.0852782   1.94352e-05   0.000977041             1       0.03395
            1  -0.000721183   0.000135482     0.0668917    0.00072134      0.999999   -0.00116198      -0.10842  -0.000134644    0.00116208      0.999999     0.0537569
            1  -0.000747762    0.00048199     0.0975991   0.000748268      0.999999    -0.0010513     -0.106336  -0.000481204    0.00105166      0.999999     0.0571056
     0.999999   -0.00103371   0.000601964      0.117329    0.00103434      0.999999   -0.00104924     -0.115931  -0.000600879    0.00104986      0.999999     0.0644092
     0.999999   -0.00141542   0.000438983     0.0781328    0.00141614      0.999998    -0.0016356     -0.145358  -0.000436667    0.00163622      0.999999     0.0720143
     0.999999   -0.00155708   0.000347559      0.100195    0.00155745      0.999998   -0.00105877     -0.104175  -0.000345909    0.00105931      0.999999     0.0569958
     0.999998   -0.00206383   0.000624549     0.0666937    0.00206459      0.999997   -0.00122042     -0.100428  -0.000622029     0.0012217      0.999999     0.0733694
     0.999998   -0.00210315   0.000168094     0.0636414    0.00210326      0.999998  -0.000708012    -0.0660976  -0.000166604   0.000708364             1     0.0231723
     0.999996   -0.00278302    0.00025776       0.02195      0.002783      0.999996   8.84692e-05    -0.0312431  -0.000258005  -8.77515e-05             1    0.00604947
     0.999997   -0.00227191   2.13581e-06     0.0433869    0.00227191      0.999997   2.85541e-05    -0.0435651  -2.20068e-06  -2.85492e-05             1     0.0267726
     0.999998   -0.00176348  -6.87272e-05     0.0121257    0.00176349      0.999998   0.000178667   0.000347598   6.84121e-05  -0.000178788             1    -0.0150104
     0.999998   -0.00199515   0.000433537     0.0166629    0.00199497      0.999998   0.000412271     0.0320801  -0.000434359  -0.000411405             1    -0.0728599
     0.999998   -0.00208375   0.000606821     0.0123898    0.00208373      0.999998   4.10494e-05     0.0198712  -0.000606905  -3.97849e-05             1    -0.0680043
     0.999997   -0.00229644   0.000503324    -0.0100196    0.00229656      0.999997  -0.000256057     0.0179996  -0.000502735   0.000257212             1    -0.0851375
     0.999998   -0.00200748   0.000199273   -0.00649947    0.00200753      0.999998  -0.000237999     0.0212386  -0.000198795   0.000238399             1    -0.0802834
     0.999998    -0.0018956   0.000600477   -0.00489652    0.00189586      0.999998  -0.000436794    0.00956162  -0.000599648   0.000437932             1    -0.0618549
     0.999998   -0.00195066    0.00100769     0.0207444    0.00195082      0.999998  -0.000160272     0.0262942   -0.00100738   0.000162238      0.999999    -0.0999578
     0.999996   -0.00267778   0.000794091      0.012615    0.00267795      0.999996  -0.000216608     0.0224997  -0.000793508   0.000218734             1      -0.14088
     0.999997   -0.00239553   0.000106643    -0.0234083    0.00239561      0.999997  -0.000782265    -0.0163596  -0.000104769   0.000782518             1     -0.130735
     0.999996   -0.00281181   0.000787277    -0.0162246    0.00281217      0.999996  -0.000456563     0.0248425   -0.00078599   0.000458775             1     -0.138047
     0.999993    -0.0032952     0.0015331     0.0276988    0.00329519      0.999995   4.13947e-06     0.0473957    -0.0015331   9.12402e-07      0.999999     -0.175862
     0.999993   -0.00343484    0.00154967     0.0131643    0.00343431      0.999994   0.000342687     0.0831328   -0.00155084  -0.000337363      0.999999     -0.207535
     0.999994   -0.00328634    0.00120787    -0.0141262    0.00328617      0.999995    0.00014394     0.0712317   -0.00120833   -0.00013997      0.999999     -0.200782
     0.999993   -0.00369357   0.000738542    -0.0229158    0.00369328      0.999993   0.000394955     0.0786454  -0.000739995  -0.000392224             1     -0.198764
     0.999993   -0.00378193   0.000495747     -0.033544    0.00378145      0.999992   0.000957217      0.116813  -0.000499363  -0.000955335      0.999999     -0.229153
     0.999991   -0.00412719   0.000381943    -0.0423584    0.00412666      0.999991    0.00138007      0.156058  -0.000387635   -0.00137848      0.999999     -0.275939
     0.999992   -0.00388376   0.000737772    -0.0279711    0.00388254      0.999991    0.00165065      0.184419  -0.000744176   -0.00164777      0.999998     -0.314226
     0.999993   -0.00364215   0.000394318    -0.0249653    0.00364135      0.999991    0.00201388      0.218716  -0.000401649   -0.00201243      0.999998     -0.316709
     0.999992   -0.00399367   -0.00074358    -0.0897087    0.00399571      0.999988    0.00275587      0.265434   0.000732565   -0.00275882      0.999996     -0.323041
     0.999991   -0.00414003  -0.000898134    -0.0836098    0.00414324      0.999985     0.0035952      0.311301   0.000883236   -0.00359889      0.999993     -0.338116
     0.999991   -0.00400861    -0.0010281    -0.0869027    0.00401194      0.999987    0.00325913      0.317853    0.00101502   -0.00326322      0.999994     -0.378761
     0.999992    -0.0037192   -0.00154564    -0.0934791    0.00372501      0.999986    0.00377586      0.359085    0.00153158   -0.00378158      0.999992     -0.427678
      0.99999   -0.00435604   -0.00128037     -0.114326    0.00436108      0.999983    0.00396257       0.37426    0.00126309   -0.00396811      0.999991      -0.45431
      0.99999   -0.00418842    -0.0012508     -0.119054    0.00419302      0.999984    0.00369401      0.376057    0.00123531   -0.00369922      0.999992     -0.456816
     0.999991   -0.00409679   -0.00117576    -0.0862985    0.00410252       0.99998    0.00490852      0.414085    0.00115563    -0.0049133      0.999987     -0.481137
     0.999992   -0.00399545  -0.000830902    -0.0736335    0.00399943       0.99998    0.00484322      0.393738   0.000811534    -0.0048465      0.999988     -0.476821
     0.999993   -0.00358688  -0.000394895    -0.0384175    0.00358875      0.999982    0.00483351      0.392702    0.00037755   -0.00483489      0.999988     -0.457335
     0.999991   -0.00426319   0.000240092    -0.0387051    0.00426196      0.999979    0.00491453      0.369653  -0.000261039   -0.00491346      0.999988     -0.399415
     0.999994   -0.00331097   0.000358363    -0.0220994     0.0033091      0.999981    0.00510456      0.384327  -0.000375258   -0.00510335      0.999987     -0.441349
     0.999996   -0.00266997   0.000640287    -0.0300694    0.00266659      0.999983     0.0052222      0.400601  -0.000654219   -0.00522048      0.999986     -0.475979
     0.999996   -0.00292304    0.00050104    -0.0235065    0.00292035      0.999982     0.0052939      0.421448  -0.000516505   -0.00529242      0.999986     -0.515748
     0.999996   -0.00292958   9.79907e-05    -0.0173954    0.00292907      0.999984    0.00486327      0.399464  -0.000112236   -0.00486297      0.999988     -0.508407
     0.999996   -0.00268221  -7.51012e-06    -0.0415568    0.00268222      0.999985    0.00471865      0.404059  -5.14642e-06   -0.00471866      0.999989     -0.522412
     0.999997   -0.00237262  -0.000239978    -0.0599269    0.00237391      0.999982    0.00552525      0.487421   0.000226864   -0.00552581      0.999985     -0.615151
     0.999995   -0.00305935  -0.000238403    -0.0544424    0.00306077      0.999976    0.00620962      0.523577   0.000219399   -0.00621033      0.999981     -0.633465
     0.999995    -0.0031951  -0.000328139    -0.0555984    0.00319691      0.999979    0.00567204      0.510865   0.000310009   -0.00567306      0.999984     -0.605709
     0.999995   -0.00317382  -0.000613375    -0.0633465    0.00317739      0.999977    0.00591013      0.532012   0.000594604   -0.00591205      0.999982     -0.652103
     0.999995    -0.0031045  -0.000662979    -0.0664485    0.00310872      0.999974    0.00645706      0.553381   0.000642916   -0.00645909      0.999979     -0.671548
     0.999992   -0.00402159  -0.000577375     -0.117586    0.00402529       0.99997    0.00654938      0.571177   0.000551019   -0.00655165      0.999978      -0.70182
     0.999993   -0.00363038  -0.000964347     -0.153672    0.00363662      0.999972    0.00655651      0.527508   0.000940518   -0.00655997      0.999978     -0.659398
     0.999993   -0.00351167   -0.00087376     -0.180779    0.00351729      0.999973    0.00651448      0.559608    0.00085086   -0.00651751      0.999978      -0.65477
     0.999991   -0.00422412  -0.000123412     -0.137219     0.0042249      0.999965     0.0072275      0.617239   9.28776e-05   -0.00722796      0.999974     -0.680099
     0.999992   -0.00410673  -0.000279865     -0.146497     0.0041086      0.999967    0.00707608       0.61235   0.000250796   -0.00707717      0.999975     -0.680307
     0.999992   -0.00400071  -0.000267037     -0.109284    0.00400251      0.999967    0.00711985      0.597497   0.000238543   -0.00712086      0.999975     -0.661758
     0.999991   -0.00426974  -0.000392352     -0.100659    0.00427234      0.999967    0.00689913      0.581356   0.000362881   -0.00690074      0.999976     -0.662802
     0.999991   -0.00429571  -0.000151803    -0.0667566    0.00429667      0.999966    0.00706894      0.592505   0.000121432   -0.00706952      0.999975     -0.673924
     0.999988   -0.00480164  -0.000202385    -0.0736457    0.00480288      0.999967    0.00662588      0.562507   0.000170563   -0.00662678      0.999978     -0.669088
     0.999989   -0.00474695   9.09527e-05    -0.0632654    0.00474625      0.999967    0.00664139      0.562788  -0.000122476   -0.00664089      0.999978     -0.676715
     0.999989   -0.00455145    0.00108109    -0.0352419    0.00454435      0.999969    0.00648256      0.545038   -0.00111056   -0.00647758      0.999978     -0.640548
     0.999992    -0.0040017   0.000574233    -0.0509578     0.0039979      0.999971    0.00648056      0.530429   -0.00060015   -0.00647821      0.999979     -0.613356
     0.999992   -0.00400597   0.000526616    -0.0274471    0.00400254      0.999972    0.00637196      0.523752  -0.000552127    -0.0063698       0.99998     -0.646985
      0.99999   -0.00442497   0.000559902    -0.0190525    0.00442149      0.999972     0.0060723      0.499488  -0.000586756   -0.00606976      0.999981     -0.631338
      0.99999   -0.00443915   0.000664385    -0.0313032     0.0044349      0.999971    0.00626575      0.516517   -0.00069218   -0.00626274       0.99998     -0.636776
      0.99999   -0.00453703   0.000401724   -0.00114256    0.00453413      0.999966    0.00694639      0.556039  -0.000433226    -0.0069445      0.999976     -0.696221
     0.999989   -0.00478631   0.000227115    -0.0210207    0.00478473      0.999968    0.00648518      0.542172  -0.000258148   -0.00648402      0.999979     -0.717572
     0.999988   -0.00489153   0.000564616    -0.0111459    0.00488755      0.999965    0.00684759        0.5765  -0.000598091   -0.00684474      0.999976     -0.756231
     0.999986    -0.0053178   0.000326932   -0.00311453    0.00531548      0.999963    0.00672557      0.574405  -0.000362685   -0.00672373      0.999977     -0.761365
     0.999987   -0.00516806   0.000334354   0.000728794    0.00516571      0.999964    0.00667461      0.574697  -0.000368837   -0.00667279      0.999978     -0.758991
     0.999988   -0.00478357   0.000664338     0.0173503    0.00477887      0.999965    0.00691458      0.598425  -0.000697391   -0.00691132      0.999976     -0.802338
     0.999988   -0.00486726   0.000272366   1.88299e-05    0.00486522      0.999963    0.00702898      0.614684  -0.000306568   -0.00702758      0.999975       -0.8408
     0.999988   -0.00483162   0.000364027    -0.0270698    0.00482904      0.999965    0.00679138      0.596822  -0.000396828   -0.00678954      0.999977      -0.81446
     0.999988   -0.00485047  -4.39384e-05    -0.0397569    0.00485067      0.999963    0.00716138      0.600767   9.20063e-06   -0.00716151      0.999974     -0.773885
     0.999992   -0.00394741   0.000188746      -0.04708    0.00394592      0.999965    0.00734103      0.607975  -0.000217718   -0.00734023      0.999973      -0.72517
     0.999991   -0.00416999  -0.000106521    -0.0202046     0.0041707      0.999961    0.00778274      0.632447   7.40628e-05   -0.00778311       0.99997     -0.737707
     0.999994   -0.00357325  -0.000391728    -0.0223271    0.00357608      0.999966    0.00747868      0.639771   0.000364991   -0.00748003      0.999972     -0.751618
     0.999996   -0.00264002  -0.000353248       0.00629    0.00264251       0.99997    0.00722818      0.655206   0.000334155   -0.00722909      0.999974     -0.756223
     0.999996   -0.00282204  -0.000360077   -0.00689449    0.00282457       0.99997    0.00723111       0.65357   0.000339659    -0.0072321      0.999974     -0.778295
     0.999995   -0.00317866  -0.000512275    -0.0229175    0.00318225      0.999969    0.00716115      0.650197   0.000489496   -0.00716274      0.999974     -0.786447
     0.999993   -0.00374899  -0.000223813     0.0218967     0.0037505      0.999967    0.00720589      0.619268   0.000196791   -0.00720668      0.999974     -0.777723
     0.999993   -0.00364534  -0.000259246     0.0139104    0.00364719      0.999965    0.00755083      0.635528   0.000231712   -0.00755172      0.999971     -0.786703
     0.999993   -0.00376576   0.000349371   -0.00369736      0.003763      0.999964    0.00757822      0.652021  -0.000377896   -0.00757685      0.999971     -0.812664
     0.999994   -0.00354965   0.000166462    0.00666295     0.0035483      0.999966    0.00748402      0.637104  -0.000193022   -0.00748339      0.999972     -0.766161
     0.999994   -0.00356335  -0.000216906   -0.00528888    0.00356485      0.999966    0.00740505      0.643058   0.000190512   -0.00740578      0.999973     -0.818653
     0.999992   -0.00411531  -2.02699e-05   -0.00477806    0.00411534      0.999964    0.00744549       0.64605  -1.03713e-05   -0.00744551      0.999972     -0.818979
     0.999991   -0.00424657   0.000166583     0.0345352     0.0042452      0.999963    0.00750245      0.648969  -0.000198436   -0.00750167      0.999972     -0.840572
     0.999991   -0.00415907   0.000583934     0.0716016    0.00415481      0.999966    0.00711106      0.641551   -0.00061349   -0.00710857      0.999975     -0.890272
     0.999992   -0.00384221   0.000675992     0.0879324    0.00383723      0.999967    0.00720651      0.644273  -0.000703658   -0.00720386      0.999974     -0.907293
     0.999992   -0.00393762   0.000830465      0.108459    0.00393139      0.999965    0.00737309      0.630001  -0.000859468   -0.00736977      0.999972     -0.877734
     0.999989   -0.00433168    0.00154457      0.136091    0.00431979      0.999962    0.00762043      0.640926   -0.00157752   -0.00761368       0.99997     -0.906609
     0.999991     -0.004235    0.00101424      0.120926    0.00422731      0.999963    0.00746389      0.649807   -0.00104581   -0.00745954      0.999972     -0.923684
      0.99999   -0.00457205   6.76698e-05     0.0738237    0.00457143      0.999962       0.00738      0.664363  -0.000101409   -0.00737962      0.999973       -0.9414
      0.99999   -0.00447853   0.000377515     0.0767494    0.00447554      0.999961    0.00757762       0.67989  -0.000411437   -0.00757586      0.999971     -0.967597
     0.999993   -0.00385176   0.000256147     0.0913488    0.00384981      0.999966    0.00722565      0.669075   -0.00028397   -0.00722461      0.999974     -0.925288
     0.999994   -0.00341418  -0.000860367     0.0791559    0.00341981      0.999972    0.00663007      0.579137   0.000837707   -0.00663297      0.999978     -0.885924
     0.999995   -0.00305092   -0.00103136     0.0145739    0.00305705      0.999977    0.00599818      0.545291    0.00101304    -0.0060013      0.999981     -0.848969
     0.999996    -0.0029495  -0.000439025      0.059626    0.00295241      0.999973     0.0067864      0.613687   0.000418996   -0.00678767      0.999977     -0.891369
     0.999996   -0.00282034  -0.000649892       0.02611    0.00282478      0.999972    0.00693531      0.646148   0.000630314   -0.00693712      0.999976     -0.897655
     0.999995   -0.00301856   -0.00075022     0.0690113    0.00302375      0.999971    0.00702463      0.636303   0.000728993   -0.00702687      0.999975     -0.885857
     0.999995   -0.00323911  -0.000104312     0.0863417    0.00323977       0.99997    0.00706212      0.623693   8.14336e-05   -0.00706242      0.999975     -0.871777
     0.999995   -0.00322683  -0.000404233     0.0714415    0.00322965      0.999969    0.00716064      0.653193   0.000381114   -0.00716191      0.999974     -0.875563
     0.999996   -0.00291511  -0.000327795     0.0751441    0.00291739       0.99997    0.00717856      0.657761   0.000306859   -0.00717948      0.999974     -0.890038
     0.999996   -0.00287745   0.000122898      0.110534    0.00287642      0.999966    0.00767968      0.686354  -0.000144991   -0.00767929      0.999971     -0.928453
     0.999997   -0.00249379   0.000264228      0.163635    0.00249154      0.999963    0.00819182       0.71889  -0.000284647   -0.00819114      0.999966     -0.937843
     0.999996   -0.00265977  -0.000175167      0.157034    0.00266108      0.999965    0.00798914      0.690009   0.000153912   -0.00798958      0.999968     -0.919211
     0.999997     -0.002422  -0.000268613      0.188851    0.00242393      0.999969     0.0074317      0.646897   0.000250605   -0.00743233      0.999972     -0.890792
     0.999998   -0.00218309   -0.00025819      0.199272    0.00218497      0.999969     0.0075262      0.646707   0.000241751   -0.00752674      0.999972     -0.893352
     0.999996   -0.00273873  -0.000690922      0.163572    0.00274363       0.99997    0.00719368      0.610167     0.0006712   -0.00719555      0.999974     -0.836714
     0.999994   -0.00342869   -0.00108551      0.158943    0.00343737      0.999961    0.00809444      0.629024    0.00105772   -0.00809812      0.999967     -0.852835
     0.999995   -0.00324723   -0.00024236      0.198476    0.00324912       0.99996    0.00827742      0.662567   0.000215471   -0.00827817      0.999966     -0.909442
     0.999996   -0.00269884  -0.000146587      0.206796    0.00269998       0.99996     0.0084912      0.683134   0.000123665   -0.00849156      0.999964     -0.927952
     0.999997   -0.00256733  -0.000502394      0.179141    0.00257137      0.999963    0.00821323      0.677878   0.000481289   -0.00821449      0.999966     -0.959992
     0.999997   -0.00221938  -0.000298693      0.195247    0.00222165      0.999967     0.0078196      0.651998   0.000281328   -0.00782025      0.999969     -0.959363
     0.999999   -0.00136252  -7.51017e-05      0.219299    0.00136306      0.999969    0.00776359      0.642951   6.45213e-05   -0.00776368       0.99997     -0.928312
     0.999998   -0.00187053  -0.000224795      0.212529    0.00187224      0.999967    0.00788415      0.639867    0.00021004   -0.00788456      0.999969     -0.915103
     0.999999   -0.00133975  -0.000753295      0.161504    0.00134504      0.999974    0.00706177      0.619038   0.000743815   -0.00706277      0.999975     -0.893742
     0.999997   -0.00156981   -0.00160822      0.162158     0.0015813      0.999973    0.00716913       0.61297    0.00159692   -0.00717166      0.999973     -0.894964
     0.999995   -0.00224927   -0.00207769      0.142787    0.00226408      0.999972    0.00715612      0.536481    0.00206153   -0.00716079      0.999972     -0.865062
     0.999997   -0.00205645   -0.00154264     0.0986923     0.0020663      0.999977    0.00640815      0.543434    0.00152942   -0.00641132      0.999978     -0.848114
     0.999995   -0.00219278   -0.00240396     0.0651736    0.00220987      0.999972    0.00712901       0.63368    0.00238826   -0.00713428      0.999972     -0.875436
     0.999994   -0.00240521   -0.00231508     0.0923273    0.00242248      0.999969    0.00748314      0.661994    0.00229701   -0.00748871      0.999969      -0.89187
     0.999996   -0.00206028   -0.00197216      0.136895    0.00207528      0.999969    0.00763637      0.669842    0.00195637   -0.00764043      0.999969     -0.897626
